5616
2579
42
4065
3932
4279
1452
1842
3467
2510
2965
2140
2239
5652
3160
2717
1136
4875
2985
1701
221
5494
4907
4805
613
601
5036
5576
2243
543
902
4384
4375
479
5499
1416
4363
4414
2900
2867
5441
5520
3261
4763
1632
4465
4092
5311
5095
729
3286
2728
544
3795
125
988
3827
2188
4787
235
3520
827
1782
4251
3046
4456
3110
367
493
1702
123
937
2124
5356
4360
2130
1289
5475
816
3637
1764
1857
5210
2402
3940
3425
1192
4615
3947
4497
2200
1079
2528
3064
170
82
5673
3382
2388
5256
5423
2862
4027
2401
1005
1839
1156
1760
3655
4482
5062
4463
1570
80
5567
2084
948
3099
3190
16
2719
2911
1929
963
4933
2196
761
1742
1347
5199
5455
2858
1662
395
303
1541
4272
5212
5372
4903
5526
3868
2645
2033
2923
593
969
1953
1034
1566
5597
5034
2922
3339
3635
3112
5485
4783
4196
1906
368
2937
977
1485
1473
1317
4299
5693
5154
2565
3941
236
3058
1281
4130
3508
5471
1404
4194
3481
190
2647
79
1731
2837
4338
4806
3198
1779
1582
2437
627
4889
5513
4105
2706
4261
2317
1923
4641
4258
2255
5437
2689
4994
2246
2462
848
2888
4572
1316
1606
2022
3916
1520
60
4652
3663
1215
3843
1328
1564
3296
2534
4418
801
4335
1202
3456
98
1203
4845
5151
774
1116
3982
3692
4680
1262
1028
3991
4936
2098
3006
1394
3195
2708
5479
673
3438
3836
4857
1772
769
2667
3669
3093
2245
1755
94
1598
5122
5654
5517
3288
2016
5669
408
5229
467
5107
4348
1273
1733
3257
3848
5503
4119
5630
1345
480
2908
5678
4340
3393
2095
5599
702
124
473
3185
2267
2012
1060
1131
506
4110
3505
4530
5263
101
3482
5192
1071
1643
1352
2618
1928
4043
3651
2895
826
2757
3745
4212
3547
2029
2385
5457
732
4278
1884
439
3370
1214
412
2559
3314
4127
2889
2787
1773
2751
2672
2240
4865
2274
5352
757
22
2515
3316
5217
771
4046
785
1070
4314
4075
2660
3253
1713
3825
3781
2606
1388
4501
4612
4071
3607
4860
4395
4435
1225
4701
4924
2453
3175
2116
1717
5555
5468
3879
2150
1823
2664
2772
2400
1552
2407
727
4408
1793
2897
5651
2790
379
1974
2123
485
4578
1442
1681
1968
5239
1947
3612
4311
3697
3416
4550
131
4625
293
4776
2336
3622
3355
2750
4914
2893
3267
233
5370
1738
5417
2219
4584
648
5164
357
1845
5010
437
3391
288
2840
841
4016
3853
529
3585
622
3380
2616
1432
722
3462
4711
465
172
4692
1617
5329
4103
3025
1677
471
3740
3234
5158
4599
640
4462
4470
5496
1653
3546
3930
3639
2788
1873
1948
1758
2024
4047
4847
1342
2913
3445
1129
126
5021
5489
1191
4282
4402
103
342
4034
351
173
1371
1596
2674
3912
4789
5570
778
4905
4015
3882
4935
3685
5374
2976
2682
256
5200
1041
3729
2662
5385
2444
2833
2414
892
3870
3885
3860
5067
2941
2562
3555
309
2464
1217
4396
1732
677
2254
1777
3507
5052
3696
4811
4915
5343
5297
2478
5322
875
5400
3473
3176
1718
5312
1528
3213
4870
56
3936
332
2921
1723
1853
4756
3080
5556
5295
5332
2360
513
1548
3460
2962
1958
4975
4243
2251
1098
4525
67
2340
4336
1195
2655
3211
4616
2701
1978
1229
4358
1258
102
4339
4433
5187
97
4675
3924
4855
2629
2590
4
1272
715
1575
45
2328
2926
3414
4938
1363
1491
2485
4459
1044
561
4515
2162
2222
2959
2796
3804
1863
2795
1090
4124
4689
2755
5203
452
241
2476
3725
268
3950
1748
4094
3284
587
1466
704
3593
3371
2841
5449
4807
4315
374
1698
1243
3209
1234
5443
1426
1406
1322
3625
1678
2009
3755
2632
1096
3735
796
5268
695
2960
5453
895
5531
4260
2034
4150
3536
2490
2636
279
5375
2538
472
2458
1746
868
96
4444
3738
1360
4337
1111
2934
1821
2699
1279
5287
2308
924
5183
2524
4327
4416
3114
5299
1482
5238
4132
1725
5319
2015
3537
3748
5274
5019
1337
438
2608
88
313
633
4720
1043
3618
3055
4717
4587
4171
5546
1789
3822
2424
2379
1323
4798
696
425
5504
870
2780
19
3549
1551
2493
197
1164
5155
1557
5387
2470
578
2949
980
4567
3510
4551
1792
2516
5171
2275
2355
3251
2354
731
3436
1237
2127
5205
4762
5502
127
3808
4149
607
5348
1930
2894
380
4383
5390
3652
5604
1036
4632
1039
1196
5290
195
1161
1950
3533
1391
3287
2306
4033
5160
4663
3556
3801
1941
2860
2067
4973
4129
2375
1344
1719
4341
2819
2270
2138
5059
614
5125
698
5207
780
2506
897
4683
4961
223
4815
3144
2693
121
546
26
1017
5550
1659
4559
421
1341
1084
671
2193
3790
3664
5584
3835
1095
1325
5364
2224
2387
2549
2302
270
517
3627
255
5069
286
3657
50
3968
4926
3534
59
4238
5054
4454
3121
1801
5507
2077
5613
2774
1354
2951
4422
3974
1013
1788
3424
5543
4222
1585
4344
2237
3027
3335
2201
2765
3642
3584
3643
4571
1888
3235
4921
4557
4876
1721
54
3783
1661
4490
4329
5525
2288
1910
4076
4546
3226
5416
1351
5051
2014
1644
4480
5464
4598
2713
1543
4750
516
2210
5381
3303
3803
5430
3563
2205
384
1535
4839
2635
5233
2305
4323
2642
4032
765
5579
5676
4237
2318
1431
3903
5333
1223
5279
837
3592
1635
132
519
2545
4784
1549
4904
4204
1829
3787
794
43
701
111
4213
3044
3706
3246
2568
3019
12
4244
3010
2383
2822
2071
4191
277
2732
2537
582
4828
5359
1899
910
2491
3205
5044
3259
4468
823
674
4140
3404
3132
1499
4082
3187
973
4923
1605
2966
4189
1919
4726
182
252
1359
1469
3229
1986
1374
3307
5065
5088
2144
327
1920
3291
153
1334
4365
1673
3866
419
1085
5280
208
1265
964
440
202
3403
4669
5614
4040
5594
5681
5014
2040
5198
3227
1303
4126
2505
842
3059
2958
4326
2142
1405
3043
4943
2418
2882
4041
1435
3026
5223
4541
2692
1398
2767
4613
3249
4230
3319
86
1973
4151
392
918
4883
2466
1310
176
563
196
1165
2769
3011
847
5124
2195
1576
4556
2531
1285
21
4503
3597
957
1903
5534
4844
3876
3289
3272
5418
3911
254
3681
2828
1625
1006
2971
3397
3759
65
3072
1290
3173
442
1882
3935
1519
3164
4320
4506
2925
4010
5308
299
3325
3285
4036
212
5378
1384
2154
3427
394
5196
5206
3379
3308
1802
1503
2421
3861
1205
4484
2690
4499
1502
3644
2916
5558
756
210
118
207
932
2073
5339
4376
1151
1058
2266
1776
4183
829
5623
5061
4887
4361
4079
5649
2494
2553
3636
4698
5066
4989
1848
2829
2045
4394
5105
928
2936
3143
2573
5087
617
2367
3747
5055
4101
661
3905
952
1324
2500
1127
1666
840
4085
179
2770
3162
4605
2242
3528
5026
5535
4464
1709
3680
2904
1152
5257
4736
5007
3066
4293
4219
1687
5624
1826
3479
2560
2777
2604
4404
1395
3750
4661
3244
2569
914
537
4725
4188
2880
2650
2459
1869
4063
482
1972
4168
1787
2055
642
145
2419
1619
2954
554
1001
77
95
2345
41
4678
329
4405
2136
1304
3366
4654
3793
1266
1392
499
806
4712
3399
1904
5215
2583
3949
3461
1440
4858
3170
5645
171
653
3202
2153
1358
1477
2723
2563
979
3785
5104
198
318
389
652
917
690
3921
3000
2509
1813
81
691
2129
5650
2992
5273
923
773
3097
591
3841
4568
5025
844
2864
5462
2010
4089
2249
1383
961
1104
949
372
2589
468
1113
5427
230
982
4415
4939
3141
2547
4829
4186
1302
40
206
5667
3437
1206
3815
2374
186
5262
1757
3535
2166
2768
3183
2707
3292
2054
638
1693
3665
2938
3705
5084
5097
1652
3580
2859
922
3671
1430
2198
4752
2782
1804
355
2390
3724
1896
1451
2539
109
5454
3846
346
2021
2905
5011
4862
2588
2226
3352
5176
1521
4252
292
5456
2810
5508
5384
3569
5302
3687
996
4392
5255
4603
551
5536
5687
2391
2104
4445
3995
4606
1148
383
2805
4642
365
3979
3013
3831
166
813
28
5602
1847
560
151
5005
1411
1235
3887
3764
2244
2081
1820
4558
2247
2634
2978
1183
4590
2359
3305
1022
3042
3417
4440
4622
2135
766
3686
312
1315
4086
2700
4276
1834
324
3290
3743
3698
583
1697
5529
2232
1913
3484
2053
4573
450
3720
4796
5422
830
2133
1423
3443
2143
4270
5420
5633
4173
5081
5182
1985
1410
93
3645
2630
1356
526
386
1094
1382
4899
1879
3065
818
2382
2619
4495
1420
1370
3650
3255
3029
3993
5129
3360
1542
1055
52
1210
477
4886
38
3079
3073
3266
5646
2165
246
2177
3886
3106
31
5351
4647
5313
3451
2065
2443
5234
4479
3102
5662
4882
4797
2176
4972
1508
2698
4257
3101
779
2800
322
3850
1181
4262
72
3486
711
4241
3964
3824
3048
2356
4552
2792
2844
5484
3468
2605
4013
3077
4782
2398
2694
725
4417
4942
3718
4228
369
2711
73
960
2648
2924
759
459
862
1914
4303
3525
2596
1590
502
3280
742
1343
446
2870
1450
4005
5294
1027
1414
1441
4682
1465
3913
5398
1979
1937
4956
4812
271
3422
2468
1438
1610
4391
5096
457
2409
1292
3577
867
4768
2004
4192
2600
1078
1871
120
2312
1711
1900
615
5473
2646
2335
748
3237
3951
1472
2019
4695
5045
4673
1393
4250
1025
376
5276
4198
3741
4398
4379
5046
4618
24
4362
1828
4944
2184
5596
2668
1069
1600
4795
201
5389
1886
2190
3872
1546
5354
1366
5092
2816
2995
4146
3002
3614
390
1553
834
4731
5029
2760
3945
3264
3083
4548
4570
4715
770
5072
3666
5073
156
1483
5564
3646
2679
5460
4423
1134
4872
3544
1692
946
1668
5310
2215
2730
1150
5076
5425
2455
5451
4816
663
245
4873
1840
1759
573
5002
2557
1008
1278
183
838
5365
3749
2541
3774
29
422
2741
1307
5383
149
164
135
3167
1654
403
549
4057
1377
4940
4324
4512
89
3192
4457
2320
2281
5270
639
5231
4534
5216
2602
1361
2087
2601
1020
2804
2525
4564
804
1670
2522
2964
5547
5349
5049
2898
5083
1726
1190
911
679
2686
4813
138
3768
570
1409
4748
2256
649
5126
5690
723
2048
1911
1319
3395
1245
3679
142
2376
1774
5101
2595
491
1141
1852
3216
1035
3851
3667
1046
5296
1270
5123
1705
3005
776
237
4050
950
2726
4058
2438
2710
3472
5481
1107
3345
3493
2307
5283
100
3034
1539
1112
2817
449
4707
2685
5647
3053
291
4268
3572
4229
4269
2469
2436
1815
2687
1583
4450
658
5522
5685
1059
4526
4185
341
3184
1365
1505
2613
2512
2322
2326
2624
487
807
1586
4588
3981
1563
3513
1010
3957
53
1287
4766
5008
4003
1429
18
1790
2439
249
75
5137
4623
4147
5657
2733
3869
4700
1880
4880
3595
1419
4520
1233
2643
1658
651
2737
941
5582
4287
4507
2046
3938
4412
139
181
5671
2163
3358
4831
3258
3405
232
5627
4830
1756
900
5445
3052
3810
3550
4820
4832
1367
5089
4785
2289
2007
3111
2349
3756
5106
2309
728
4004
5635
2120
1180
4271
2405
3125
353
3310
4821
2615
3299
1218
741
5362
2479
2334
2909
1062
2495
1331
2482
2649
682
4906
3014
2440
2070
5588
193
1805
2839
315
5236
2696
278
710
3023
3300
2141
3919
3362
3091
5665
637
5170
141
4988
1841
2109
983
1603
1449
1980
30
8
4200
5527
1373
1797
733
2314
4007
580
1421
3662
3140
2556
3186
5680
242
1832
4594
3471
3596
1417
4650
3620
1249
2821
916
4998
891
4483
3784
1634
2471
2784
4038
934
609
5516
5628
4948
1724
1188
1236
175
3527
541
1527
1849
4676
5328
9
1602
3873
3279
2086
4224
605
4377
295
2492
2807
5661
894
3146
3418
1524
1822
751
1872
5695
48
1047
3615
1381
4330
1898
378
2917
2250
3996
5298
4992
4931
2543
3390
5618
350
2607
3212
901
4223
5141
5587
3018
5004
3312
1213
84
2393
5611
1122
4778
3722
1264
2597
4643
3906
835
3907
136
2064
2776
1497
2989
4056
3118
1063
3145
2832
388
3215
1401
247
4827
1407
5568
5146
1715
1609
5501
1728
147
3158
1137
3430
3739
655
976
2633
5324
4108
4081
5
1369
1170
1999
1642
3659
2102
594
5006
460
110
4810
2814
1676
4357
1138
3526
2280
4143
1750
5493
297
4928
3419
3765
5086
4659
3177
5082
3819
1694
4610
3942
2886
2366
1637
3575
7
5211
3273
1402
1140
1231
4023
1031
5561
989
706
1696
5225
3975
2078
2716
119
1859
1538
3057
2395
4893
5103
451
1684
3459
3561
2032
4648
2975
494
791
676
4221
1579
55
5626
4235
5664
3204
1892
2813
2330
489
3723
3780
511
5248
717
2875
4770
5232
572
5314
2406
4135
3154
2654
5439
4824
1072
4665
962
1018
3845
553
3334
32
5466
5530
610
455
1870
2504
3800
323
4370
528
3672
4002
2229
1860
4671
2786
3751
1614
1581
5521
2209
713
464
5048
4006
1216
5610
4954
4510
530
2260
2982
4607
777
4100
4281
744
2617
5341
1277
117
4347
869
484
1052
2082
999
1588
4473
2669
2172
3368
3061
694
2039
5382
1399
4113
1866
4001
5156
1885
5307
4197
768
273
2088
3653
4195
5578
2362
3855
2044
2348
3812
3388
4633
2593
1739
5018
945
5510
4441
1554
4458
5509
1086
670
4742
692
3396
5204
789
416
4819
3816
165
2214
686
4062
3041
3138
1091
4690
559
1153
1276
5318
590
4745
5478
2887
199
903
3818
3660
1699
2857
2657
4879
5143
3007
3609
2501
5386
3980
3326
3619
1835
3878
635
4035
2577
4154
373
4955
4738
557
738
1066
2287
1000
3770
2521
2187
3126
3647
4080
2269
550
1475
2252
1306
27
792
647
854
5253
2313
2639
5056
1348
3163
4685
2408
2403
1380
2321
5180
1471
3035
62
4513
1962
5358
4325
4859
4957
1933
947
1312
1547
1087
358
2578
1531
3047
4306
1620
4794
1700
4090
2756
3051
2059
5689
5549
2483
3196
4069
3127
5320
257
1209
2705
3806
4592
1545
61
5467
3031
5220
3441
5403
3874
4536
4757
2735
314
2158
1874
4645
788
4211
4426
1810
2111
4566
3448
200
3454
5058
3327
420
912
775
2809
3130
5491
5379
2311
2253
4684
1308
2341
4160
534
2221
1396
4277
2434
4737
4874
2849
5284
4843
1244
159
2134
1931
3200
5128
5102
3553
5117
274
2257
3375
1100
3648
4743
5040
3626
3133
3888
1679
2820
1117
3629
5607
5315
348
5435
4439
4849
44
1831
5644
2297
5592
2818
1915
4719
893
3713
4446
495
2918
5201
503
3984
3228
2273
4574
2675
4981
5674
5463
3088
1119
2931
4949
1479
5608
2640
4407
1486
1115
5675
4764
1053
5323
636
4521
1445
4814
3877
1963
3562
2430
3966
933
4730
4774
4469
5163
3946
2906
3502
3952
1875
2489
3453
4788
3670
4913
931
4637
213
2656
2361
1207
1714
2363
1024
1011
707
3965
4629
3524
284
3489
76
2691
1529
2641
632
443
1908
3767
689
1818
5366
2351
1263
798
2447
721
4488
4775
737
1791
865
4409
1350
5050
3028
3336
1228
3514
3389
1555
1830
5078
564
4749
3180
4918
693
2199
596
5472
2094
4982
2038
3771
1364
4156
3574
5498
2720
4751
169
2121
3791
1335
2550
4208
2238
618
1655
501
4492
3270
4305
1226
3109
5213
4991
2702
4226
4207
1895
3557
1280
3315
4372
739
2722
3859
1212
3875
3412
4352
3977
877
3799
5590
3551
598
1704
3123
393
5524
2714
4397
2175
1329
3714
5586
1589
3773
608
1593
2738
1827
4716
660
4434
4386
4166
5150
5057
714
797
3830
1515
3364
1167
1268
3865
409
3131
5434
4898
4593
4087
5682
1765
2000
5024
753
3431
668
1476
3016
2298
3727
4012
4309
2990
4420
4581
4664
2316
5692
1595
2180
1033
1177
2753
3201
4120
740
3788
4553
3096
2282
4141
3428
462
1386
1073
5376
319
4835
1751
5469
890
3377
4519
1814
558
966
1030
4562
2944
5566
2652
4589
4437
3778
3181
2950
2520
429
1501
381
1587
1686
4097
666
839
3893
2878
2132
782
4122
5085
4123
4724
2533
1812
2529
104
2803
4980
3989
259
2026
849
2131
2122
5090
2754
1734
4658
146
2213
680
5269
4878
1088
860
3744
4107
2527
3129
719
899
5505
2623
69
584
1778
282
4387
2967
251
4523
3435
3189
4953
4527
3277
3766
5235
1712
2268
238
4561
3349
3294
5003
2885
5574
3142
2778
2105
1567
888
3221
340
4505
3071
3511
2927
1646
5254
4604
37
25
5219
